Epoch 1
状态转移矩阵：
  1.000000	 -0.000000	  0.000000	  0.000076	  0.000000	  0.000000	
 -0.000000	  1.000000	  0.000000	 -0.000000	  0.000076	  0.000000	
  0.000000	  0.000000	  1.000000	  0.000000	  0.000000	  0.000076	
  0.000867	 -0.000000	  0.000000	  1.000000	  0.000287	  0.000000	
 -0.000000	 -0.000028	  0.000000	 -0.000287	  1.000000	  0.000000	
  0.000000	  0.000000	 -0.000298	  0.000000	  0.000000	  1.000000	
后验状态协方差矩阵：
 95.468717	 -0.952479	 -0.015357	  0.000172	 -0.000002	 -0.000000	
 -0.952479	  1.034151	 -1.522765	 -0.000002	  0.000002	 -0.000003	
 -0.015357	 -1.522765	 95.478580	 -0.000000	 -0.000003	  0.000172	
  0.000172	 -0.000002	 -0.000000	  0.009997	 -0.000000	 -0.000000	
 -0.000002	  0.000002	 -0.000003	 -0.000000	  0.009997	 -0.000000	
 -0.000000	 -0.000003	  0.000172	 -0.000000	 -0.000000	  0.009997	
设计矩阵：
  0.010083	  0.999819	  0.016116	  0.000000	  0.000000	  0.000000	
 -1.300777	-128.980079	8002.450997	  0.000000	  0.000000	  0.000000	
-8004.123018	 80.722375	  0.000000	  0.000000	  0.000000	  0.000000	
卡尔曼增益矩阵：
  0.010083	 -0.000000	 -0.000125	
  0.999818	 -0.000002	  0.000001	
  0.016116	  0.000125	  0.000000	
  0.043390	 -0.000000	 -0.000530	
  4.241096	 -0.000009	  0.000005	
  0.068359	  0.000530	  0.000000	

矫正量：
-485.120033	1324.954195	-747.525080	 -0.000873	  0.002384	 -0.001345	
Epoch 2
状态转移矩阵：
  1.000000	 -0.000000	  0.000000	  0.000076	  0.000000	  0.000000	
 -0.000000	  1.000000	  0.000000	 -0.000000	  0.000076	  0.000000	
  0.000000	  0.000000	  1.000000	  0.000000	  0.000000	  0.000076	
  0.000867	 -0.000000	  0.000000	  1.000000	  0.000287	  0.000000	
 -0.000000	 -0.000028	  0.000000	 -0.000287	  1.000000	  0.000000	
  0.000000	  0.000000	 -0.000298	  0.000000	  0.000000	  1.000000	
后验状态协方差矩阵：
 81.290306	 -0.026836	 -0.000701	  0.348787	  0.000824	  0.000013	
 -0.026836	  0.997043	 -0.090715	 -0.000102	  0.005519	 -0.000369	
 -0.000701	 -0.090715	 81.290633	  0.000013	  0.001133	  0.348782	
  0.348787	 -0.000102	  0.000013	  0.003772	 -0.000019	 -0.000000	
  0.000824	  0.005519	  0.001133	 -0.000019	  0.000062	 -0.000031	
  0.000013	 -0.000369	  0.348782	 -0.000000	 -0.000031	  0.003772	
设计矩阵：
  0.000327	  0.999999	  0.001119	  0.000000	  0.000000	  0.000000	
 -0.002855	 -8.718656	7789.445636	  0.000000	  0.000000	  0.000000	
-7789.454977	  2.550345	  0.000000	  0.000000	  0.000000	  0.000000	
卡尔曼增益矩阵：
 -0.000222	 -0.000000	 -0.000103	
  0.996932	 -0.000000	  0.000000	
  0.000273	  0.000103	  0.000000	
 29.192621	  0.000037	 -1.046833	
13015.092147	  0.003381	 -0.002468	
 50.025307	  1.046819	 -0.000039	

矫正量：
-23.993703	-31.764389	-50.203270	 -0.103383	 -0.177208	 -0.216045	
Epoch 3
状态转移矩阵：
  1.000000	 -0.000000	  0.000000	  0.000076	  0.000000	  0.000000	
  0.000000	  1.000000	  0.000000	 -0.000000	  0.000076	  0.000000	
  0.000000	  0.000000	  1.000000	  0.000000	  0.000000	  0.000076	
  0.000867	 -0.000001	  0.000000	  1.000000	  0.000287	  0.000000	
  0.000000	 -0.000028	  0.000000	 -0.000287	  1.000000	  0.000000	
  0.000000	  0.000000	 -0.000298	  0.000000	  0.000000	  1.000000	
后验状态协方差矩阵：
 77.079704	 -0.001518	 -0.006550	  0.240685	 -0.000266	 -0.000101	
 -0.001518	  0.833210	 -0.019491	 -0.000332	  0.002785	 -0.000557	
 -0.006550	 -0.019491	 77.073402	 -0.000106	 -0.000361	  0.240593	
  0.240685	 -0.000332	 -0.000106	  0.001313	 -0.000007	 -0.000002	
 -0.000266	  0.002785	 -0.000361	 -0.000007	  0.000016	 -0.000010	
 -0.000101	 -0.000557	  0.240593	 -0.000002	 -0.000010	  0.001312	
设计矩阵：
 -0.000314	  1.000000	 -0.000286	  0.000000	  0.000000	  0.000000	
 -0.000700	  2.230166	7795.982936	  0.000000	  0.000000	  0.000000	
-7795.983190	 -2.447273	  0.000000	  0.000000	  0.000000	  0.000000	
卡尔曼增益矩阵：
 -0.025712	 -0.000000	 -0.000098	
  0.833216	 -0.000000	  0.000000	
 -0.041537	  0.000098	  0.000000	
-959.683620	 -0.000319	 -0.722987	
6565.820823	 -0.001081	  0.000797	
-1475.190813	  0.722712	  0.000303	

矫正量：
 42.126314	 10.225835	 10.157312	  0.127517	  0.033998	  0.025572	
Epoch 4
状态转移矩阵：
  1.000000	 -0.000000	  0.000000	  0.000076	  0.000000	  0.000000	
  0.000000	  1.000000	  0.000000	 -0.000000	  0.000076	  0.000000	
  0.000000	  0.000000	  1.000000	  0.000000	  0.000000	  0.000076	
  0.000867	 -0.000001	  0.000000	  1.000000	  0.000287	  0.000000	
  0.000000	 -0.000028	  0.000000	 -0.000287	  1.000000	  0.000000	
  0.000000	  0.000000	 -0.000298	  0.000000	  0.000000	  1.000000	
后验状态协方差矩阵：
 67.659965	 -0.071594	 -0.013592	  0.156462	 -0.000429	 -0.000107	
 -0.071594	  0.700695	 -0.031669	 -0.000397	  0.001674	 -0.000428	
 -0.013592	 -0.031669	 67.640856	 -0.000135	 -0.000387	  0.156316	
  0.156462	 -0.000397	 -0.000135	  0.000571	 -0.000003	 -0.000001	
 -0.000429	  0.001674	 -0.000387	 -0.000003	  0.000006	 -0.000004	
 -0.000107	 -0.000428	  0.156316	 -0.000001	 -0.000004	  0.000570	
设计矩阵：
  0.000826	  1.000000	 -0.000393	  0.000000	  0.000000	  0.000000	
  0.002529	  3.061251	7795.010881	  0.000000	  0.000000	  0.000000	
-7795.009423	  6.440590	  0.000000	  0.000000	  0.000000	  0.000000	
卡尔曼增益矩阵：
 -0.015685	 -0.000000	 -0.000086	
  0.700648	 -0.000000	  0.000000	
 -0.058244	  0.000086	  0.000000	
-631.322379	 -0.000405	 -0.469933	
3945.432596	 -0.001162	  0.001293	
-1154.140462	  0.469494	  0.000321	

矫正量：
 -8.793158	  4.168925	  2.514612	 -0.021713	  0.009978	  0.003713	
Epoch 5
状态转移矩阵：
  1.000000	 -0.000000	  0.000000	  0.000076	  0.000000	  0.000000	
  0.000000	  1.000000	  0.000000	 -0.000000	  0.000076	  0.000000	
  0.000000	  0.000000	  1.000000	  0.000000	  0.000000	  0.000076	
  0.000867	 -0.000001	  0.000000	  1.000000	  0.000287	  0.000000	
  0.000000	 -0.000028	  0.000000	 -0.000287	  1.000000	  0.000000	
  0.000000	  0.000000	 -0.000298	  0.000000	  0.000000	  1.000000	
后验状态协方差矩阵：
 59.000363	 -0.083986	 -0.021241	  0.107356	 -0.000337	 -0.000113	
 -0.083986	  0.600792	 -0.028233	 -0.000296	  0.001116	 -0.000283	
 -0.021241	 -0.028233	 58.974300	 -0.000129	 -0.000271	  0.107224	
  0.107356	 -0.000296	 -0.000129	  0.000295	 -0.000001	 -0.000001	
 -0.000337	  0.001116	 -0.000271	 -0.000001	  0.000003	 -0.000002	
 -0.000113	 -0.000283	  0.107224	 -0.000001	 -0.000002	  0.000294	
设计矩阵：
  0.000870	  0.999999	 -0.000639	  0.000000	  0.000000	  0.000000	
  0.004331	  4.979945	7794.704471	  0.000000	  0.000000	  0.000000	
-7794.704706	  6.778449	  0.000000	  0.000000	  0.000000	  0.000000	
卡尔曼增益矩阵：
 -0.032664	 -0.000000	 -0.000075	
  0.600737	 -0.000000	  0.000000	
 -0.065929	  0.000075	  0.000000	
-477.126612	 -0.000388	 -0.322432	
2630.297409	 -0.000813	  0.001017	
-829.464041	  0.322033	  0.000340	

矫正量：
-16.401357	  2.209087	 26.422085	 -0.030408	  0.004054	  0.047211	
Epoch 6
状态转移矩阵：
  1.000000	 -0.000000	  0.000000	  0.000076	  0.000000	  0.000000	
  0.000000	  1.000000	  0.000000	 -0.000000	  0.000076	  0.000000	
  0.000000	  0.000000	  1.000000	  0.000000	  0.000000	  0.000076	
  0.000867	 -0.000002	  0.000000	  1.000000	  0.000287	  0.000000	
  0.000000	 -0.000028	  0.000000	 -0.000287	  1.000000	  0.000000	
  0.000000	  0.000000	 -0.000298	  0.000000	  0.000000	  1.000000	
后验状态协方差矩阵：
 51.920827	 -0.075028	 -0.024749	  0.077691	 -0.000244	 -0.000103	
 -0.075028	  0.524532	 -0.036516	 -0.000204	  0.000797	 -0.000210	
 -0.024749	 -0.036516	 51.897176	 -0.000106	 -0.000206	  0.077595	
  0.077691	 -0.000204	 -0.000106	  0.000171	 -0.000001	 -0.000000	
 -0.000244	  0.000797	 -0.000206	 -0.000001	  0.000002	 -0.000001	
 -0.000103	 -0.000210	  0.077595	 -0.000000	 -0.000001	  0.000171	
设计矩阵：
  0.000651	  1.000000	 -0.000237	  0.000000	  0.000000	  0.000000	
  0.001203	  1.846596	7794.596543	  0.000000	  0.000000	  0.000000	
-7794.595327	  5.077070	  0.000000	  0.000000	  0.000000	  0.000000	
卡尔曼增益矩阵：
 -0.041203	 -0.000000	 -0.000066	
  0.524492	 -0.000000	  0.000000	
 -0.048827	  0.000066	  0.000000	
-361.393800	 -0.000319	 -0.233332	
1878.325566	 -0.000619	  0.000733	
-539.459428	  0.233044	  0.000308	

矫正量：
 -3.383655	  2.235161	  8.419443	 -0.005465	  0.003379	  0.011928	
Epoch 7
状态转移矩阵：
  1.000000	 -0.000000	  0.000000	  0.000076	  0.000000	  0.000000	
  0.000000	  1.000000	  0.000000	 -0.000000	  0.000076	  0.000000	
  0.000000	  0.000000	  1.000000	  0.000000	  0.000000	  0.000076	
  0.000867	 -0.000002	  0.000000	  1.000000	  0.000287	  0.000000	
  0.000000	 -0.000028	  0.000000	 -0.000287	  1.000000	  0.000000	
  0.000000	  0.000000	 -0.000298	  0.000000	  0.000000	  1.000000	
后验状态协方差矩阵：
 46.217818	 -0.067595	 -0.025503	  0.058678	 -0.000184	 -0.000085	
 -0.067595	  0.464930	 -0.038008	 -0.000148	  0.000598	 -0.000156	
 -0.025503	 -0.038008	 46.195865	 -0.000085	 -0.000154	  0.058604	
  0.058678	 -0.000148	 -0.000085	  0.000108	 -0.000000	 -0.000000	
 -0.000184	  0.000598	 -0.000154	 -0.000000	  0.000001	 -0.000001	
 -0.000085	 -0.000156	  0.058604	 -0.000000	 -0.000001	  0.000108	
设计矩阵：
  0.000674	  1.000000	 -0.000152	  0.000000	  0.000000	  0.000000	
  0.000799	  1.185253	7794.386086	  0.000000	  0.000000	  0.000000	
-7794.384497	  5.251669	  0.000000	  0.000000	  0.000000	  0.000000	
卡尔曼增益矩阵：
 -0.036451	 -0.000000	 -0.000059	
  0.464890	 -0.000000	  0.000000	
 -0.045050	  0.000059	  0.000000	
-256.056699	 -0.000256	 -0.176225	
1408.588460	 -0.000463	  0.000555	
-388.551185	  0.176003	  0.000256	

矫正量：
  1.969979	  1.558952	 10.771817	  0.002278	  0.001974	  0.013299	
Epoch 8
状态转移矩阵：
  1.000000	 -0.000000	  0.000000	  0.000076	  0.000000	  0.000000	
  0.000000	  1.000000	  0.000000	 -0.000000	  0.000076	  0.000000	
  0.000000	  0.000000	  1.000000	  0.000000	  0.000000	  0.000076	
  0.000867	 -0.000002	  0.000000	  1.000000	  0.000287	  0.000000	
  0.000000	 -0.000028	  0.000000	 -0.000287	  1.000000	  0.000000	
  0.000000	  0.000000	 -0.000298	  0.000000	  0.000000	  1.000000	
后验状态协方差矩阵：
 41.583302	 -0.063490	 -0.024513	  0.045832	 -0.000147	 -0.000069	
 -0.063490	  0.417270	 -0.038674	 -0.000114	  0.000465	 -0.000119	
 -0.024513	 -0.038674	 41.562985	 -0.000068	 -0.000119	  0.045774	
  0.045832	 -0.000114	 -0.000068	  0.000072	 -0.000000	 -0.000000	
 -0.000147	  0.000465	 -0.000119	 -0.000000	  0.000001	 -0.000000	
 -0.000069	 -0.000119	  0.045774	 -0.000000	 -0.000000	  0.000072	
设计矩阵：
  0.000811	  1.000000	  0.000028	  0.000000	  0.000000	  0.000000	
 -0.000175	 -0.215880	7794.225116	  0.000000	  0.000000	  0.000000	
-7794.222555	  6.324770	  0.000000	  0.000000	  0.000000	  0.000000	
卡尔曼增益矩阵：
 -0.029747	 -0.000000	 -0.000053	
  0.417218	 -0.000000	  0.000000	
 -0.037543	  0.000053	  0.000000	
-182.088121	 -0.000203	 -0.137642	
1095.716427	 -0.000356	  0.000444	
-278.444366	  0.137468	  0.000207	

矫正量：
  7.668477	  0.666146	 -5.942208	  0.008386	  0.000739	 -0.006676	
Epoch 9
状态转移矩阵：
  1.000000	 -0.000000	  0.000000	  0.000076	  0.000000	  0.000000	
  0.000000	  1.000000	  0.000000	 -0.000000	  0.000076	  0.000000	
  0.000000	  0.000000	  1.000000	  0.000000	  0.000000	  0.000076	
  0.000867	 -0.000002	  0.000000	  1.000000	  0.000287	  0.000000	
  0.000000	 -0.000028	  0.000000	 -0.000287	  1.000000	  0.000000	
  0.000000	  0.000000	 -0.000298	  0.000000	  0.000000	  1.000000	
后验状态协方差矩阵：
 37.764213	 -0.062939	 -0.022998	  0.036768	 -0.000124	 -0.000055	
 -0.062939	  0.378377	 -0.033822	 -0.000094	  0.000372	 -0.000089	
 -0.022998	 -0.033822	 37.744358	 -0.000055	 -0.000089	  0.036720	
  0.036768	 -0.000094	 -0.000055	  0.000051	 -0.000000	 -0.000000	
 -0.000124	  0.000372	 -0.000089	 -0.000000	  0.000001	 -0.000000	
 -0.000055	 -0.000089	  0.036720	 -0.000000	 -0.000000	  0.000051	
设计矩阵：
  0.001093	  0.999999	 -0.000151	  0.000000	  0.000000	  0.000000	
  0.001286	  1.175858	7794.181233	  0.000000	  0.000000	  0.000000	
-7794.176752	  8.521608	  0.000000	  0.000000	  0.000000	  0.000000	
卡尔曼增益矩阵：
 -0.021646	 -0.000000	 -0.000048	
  0.378313	 -0.000000	  0.000000	
 -0.039542	  0.000048	  0.000000	
-127.072233	 -0.000164	 -0.110421	
877.026171	 -0.000266	  0.000375	
-223.266722	  0.110276	  0.000166	

矫正量：
 -4.435477	 -0.143727	  1.761990	 -0.004307	 -0.000137	  0.001740	
Epoch 10
状态转移矩阵：
  1.000000	 -0.000000	  0.000000	  0.000076	  0.000000	  0.000000	
  0.000000	  1.000000	  0.000000	 -0.000000	  0.000076	  0.000000	
  0.000000	  0.000000	  1.000000	  0.000000	  0.000000	  0.000076	
  0.000867	 -0.000003	  0.000000	  1.000000	  0.000287	  0.000000	
  0.000000	 -0.000028	  0.000000	 -0.000287	  1.000000	  0.000000	
  0.000000	  0.000000	 -0.000298	  0.000000	  0.000000	  1.000000	
后验状态协方差矩阵：
 34.571375	 -0.060682	 -0.021482	  0.030141	 -0.000105	 -0.000045	
 -0.060682	  0.346080	 -0.029306	 -0.000078	  0.000305	 -0.000068	
 -0.021482	 -0.029306	 34.552619	 -0.000045	 -0.000068	  0.030102	
  0.030141	 -0.000078	 -0.000045	  0.000037	 -0.000000	 -0.000000	
 -0.000105	  0.000305	 -0.000068	 -0.000000	  0.000000	 -0.000000	
 -0.000045	 -0.000068	  0.030102	 -0.000000	 -0.000000	  0.000037	
设计矩阵：
  0.001118	  0.999999	 -0.000169	  0.000000	  0.000000	  0.000000	
  0.001473	  1.317817	7794.269731	  0.000000	  0.000000	  0.000000	
-7794.265086	  8.711011	  0.000000	  0.000000	  0.000000	  0.000000	
卡尔曼增益矩阵：
 -0.022040	 -0.000000	 -0.000044	
  0.346017	 -0.000000	  0.000000	
 -0.035172	  0.000044	  0.000000	
-103.878876	 -0.000134	 -0.090521	
718.267609	 -0.000203	  0.000318	
-172.071952	  0.090402	  0.000135	

矫正量：
  2.073107	  0.327894	  6.653126	  0.001778	  0.000277	  0.005753	
Epoch 11
状态转移矩阵：
  1.000000	 -0.000000	  0.000000	  0.000076	  0.000000	  0.000000	
  0.000000	  1.000000	  0.000000	 -0.000000	  0.000076	  0.000000	
  0.000000	  0.000000	  1.000000	  0.000000	  0.000000	  0.000076	
  0.000867	 -0.000003	  0.000000	  1.000000	  0.000287	  0.000000	
  0.000000	 -0.000028	  0.000000	 -0.000287	  1.000000	  0.000000	
  0.000000	  0.000000	 -0.000298	  0.000000	  0.000000	  1.000000	
后验状态协方差矩阵：
 31.867592	 -0.059297	 -0.019781	  0.025154	 -0.000092	 -0.000037	
 -0.059297	  0.318877	 -0.026506	 -0.000066	  0.000254	 -0.000054	
 -0.019781	 -0.026506	 31.850224	 -0.000036	 -0.000053	  0.025121	
  0.025154	 -0.000066	 -0.000036	  0.000028	 -0.000000	 -0.000000	
 -0.000092	  0.000254	 -0.000053	 -0.000000	  0.000000	 -0.000000	
 -0.000037	 -0.000054	  0.025121	 -0.000000	 -0.000000	  0.000028	
设计矩阵：
  0.001278	  0.999999	 -0.000069	  0.000000	  0.000000	  0.000000	
  0.000685	  0.535833	7794.276141	  0.000000	  0.000000	  0.000000	
-7794.269808	  9.964738	  0.000000	  0.000000	  0.000000	  0.000000	
卡尔曼增益矩阵：
 -0.018554	 -0.000000	 -0.000041	
  0.318802	 -0.000000	  0.000000	
 -0.028721	  0.000041	  0.000000	
-79.934357	 -0.000109	 -0.075543	
599.420253	 -0.000160	  0.000276	
-130.381763	  0.075445	  0.000110	

矫正量：
  1.044646	  0.648821	  6.949126	  0.000780	  0.000509	  0.005413	
Epoch 12
状态转移矩阵：
  1.000000	 -0.000000	  0.000000	  0.000076	  0.000000	  0.000000	
  0.000000	  1.000000	  0.000000	 -0.000000	  0.000076	  0.000000	
  0.000000	  0.000000	  1.000000	  0.000000	  0.000000	  0.000076	
  0.000867	 -0.000003	  0.000000	  1.000000	  0.000287	  0.000000	
  0.000001	 -0.000028	  0.000000	 -0.000287	  1.000000	  0.000000	
  0.000000	  0.000000	 -0.000298	  0.000000	  0.000000	  1.000000	
后验状态协方差矩阵：
 29.550976	 -0.058250	 -0.018112	  0.021308	 -0.000081	 -0.000030	
 -0.058250	  0.295674	 -0.024899	 -0.000057	  0.000216	 -0.000044	
 -0.018112	 -0.024899	 29.535084	 -0.000030	 -0.000043	  0.021281	
  0.021308	 -0.000057	 -0.000030	  0.000021	 -0.000000	 -0.000000	
 -0.000081	  0.000216	 -0.000043	 -0.000000	  0.000000	 -0.000000	
 -0.000030	 -0.000044	  0.021281	 -0.000000	 -0.000000	  0.000021	
设计矩阵：
  0.001422	  0.999999	  0.000057	  0.000000	  0.000000	  0.000000	
 -0.000631	 -0.444180	7794.218350	  0.000000	  0.000000	  0.000000	
-7794.210500	 11.079842	  0.000000	  0.000000	  0.000000	  0.000000	
卡尔曼增益矩阵：
 -0.016243	 -0.000000	 -0.000038	
  0.295590	 -0.000000	  0.000000	
 -0.023241	  0.000038	  0.000000	
-63.496007	 -0.000090	 -0.063993	
508.249080	 -0.000131	  0.000244	
-99.962103	  0.063911	  0.000091	

矫正量：
 -7.471844	  0.433024	  2.449481	 -0.005411	  0.000323	  0.001733	
Epoch 13
状态转移矩阵：
  1.000000	 -0.000000	  0.000000	  0.000076	  0.000000	  0.000000	
  0.000000	  1.000000	  0.000000	 -0.000000	  0.000076	  0.000000	
  0.000000	  0.000000	  1.000000	  0.000000	  0.000000	  0.000076	
  0.000867	 -0.000003	  0.000000	  1.000000	  0.000287	  0.000000	
  0.000001	 -0.000028	  0.000000	 -0.000287	  1.000000	  0.000000	
  0.000000	  0.000000	 -0.000298	  0.000000	  0.000000	  1.000000	
后验状态协方差矩阵：
 27.544993	 -0.056010	 -0.016695	  0.018280	 -0.000072	 -0.000026	
 -0.056010	  0.275667	 -0.023341	 -0.000049	  0.000185	 -0.000036	
 -0.016695	 -0.023341	 27.530595	 -0.000025	 -0.000036	  0.018258	
  0.018280	 -0.000049	 -0.000025	  0.000017	 -0.000000	 -0.000000	
 -0.000072	  0.000185	 -0.000036	 -0.000000	  0.000000	 -0.000000	
 -0.000026	 -0.000036	  0.018258	 -0.000000	 -0.000000	  0.000017	
设计矩阵：
  0.001375	  0.999999	  0.000099	  0.000000	  0.000000	  0.000000	
 -0.001060	 -0.771363	7794.187348	  0.000000	  0.000000	  0.000000	
-7794.180059	 10.715555	  0.000000	  0.000000	  0.000000	  0.000000	
卡尔曼增益矩阵：
 -0.018142	 -0.000000	 -0.000035	
  0.275587	 -0.000000	  0.000000	
 -0.020639	  0.000035	  0.000000	
-57.204373	 -0.000075	 -0.054900	
436.880785	 -0.000108	  0.000216	
-80.519048	  0.054833	  0.000077	

矫正量：
  2.939749	  0.026824	  0.578100	  0.001949	  0.000014	  0.000379	
Epoch 14
状态转移矩阵：
  1.000000	 -0.000000	  0.000000	  0.000076	  0.000000	  0.000000	
  0.000000	  1.000000	  0.000000	 -0.000000	  0.000076	  0.000000	
  0.000000	  0.000000	  1.000000	  0.000000	  0.000000	  0.000076	
  0.000867	 -0.000004	  0.000000	  1.000000	  0.000287	  0.000000	
  0.000001	 -0.000028	  0.000000	 -0.000287	  1.000000	  0.000000	
  0.000000	  0.000000	 -0.000298	  0.000000	  0.000000	  1.000000	
后验状态协方差矩阵：
 25.791990	 -0.054720	 -0.015363	  0.015855	 -0.000064	 -0.000022	
 -0.054720	  0.258264	 -0.021668	 -0.000044	  0.000161	 -0.000030	
 -0.015363	 -0.021668	 25.778795	 -0.000021	 -0.000030	  0.015836	
  0.015855	 -0.000044	 -0.000021	  0.000013	 -0.000000	 -0.000000	
 -0.000064	  0.000161	 -0.000030	 -0.000000	  0.000000	 -0.000000	
 -0.000022	 -0.000030	  0.015836	 -0.000000	 -0.000000	  0.000013	
设计矩阵：
  0.001543	  0.999999	  0.000105	  0.000000	  0.000000	  0.000000	
 -0.001262	 -0.817481	7794.217147	  0.000000	  0.000000	  0.000000	
-7794.207951	 12.029155	  0.000000	  0.000000	  0.000000	  0.000000	
卡尔曼增益矩阵：
 -0.014915	 -0.000000	 -0.000033	
  0.258177	 -0.000000	  0.000000	
 -0.018988	  0.000033	  0.000000	
-45.152547	 -0.000063	 -0.047616	
379.993207	 -0.000089	  0.000194	
-66.513270	  0.047559	  0.000065	

矫正量：
  3.002548	 -0.017155	 -1.823206	  0.001847	 -0.000013	 -0.001121	
Epoch 15
状态转移矩阵：
  1.000000	 -0.000000	  0.000000	  0.000076	  0.000000	  0.000000	
  0.000000	  1.000000	  0.000000	 -0.000000	  0.000076	  0.000000	
  0.000000	  0.000000	  1.000000	  0.000000	  0.000000	  0.000076	
  0.000867	 -0.000004	  0.000000	  1.000000	  0.000287	  0.000000	
  0.000001	 -0.000028	  0.000000	 -0.000287	  1.000000	  0.000000	
  0.000000	  0.000000	 -0.000298	  0.000000	  0.000000	  1.000000	
后验状态协方差矩阵：
 24.247401	 -0.054044	 -0.014147	  0.013882	 -0.000059	 -0.000018	
 -0.054044	  0.243008	 -0.019724	 -0.000039	  0.000142	 -0.000025	
 -0.014147	 -0.019724	 24.235182	 -0.000018	 -0.000025	  0.013866	
  0.013882	 -0.000039	 -0.000018	  0.000011	 -0.000000	 -0.000000	
 -0.000059	  0.000142	 -0.000025	 -0.000000	  0.000000	 -0.000000	
 -0.000018	 -0.000025	  0.013866	 -0.000000	 -0.000000	  0.000011	
设计矩阵：
  0.001720	  0.999999	  0.000059	  0.000000	  0.000000	  0.000000	
 -0.000787	 -0.457821	7794.254180	  0.000000	  0.000000	  0.000000	
-7794.242681	 13.404406	  0.000000	  0.000000	  0.000000	  0.000000	
卡尔曼增益矩阵：
 -0.012344	 -0.000000	 -0.000031	
  0.242914	 -0.000000	  0.000000	
 -0.018325	  0.000031	  0.000000	
-36.139847	 -0.000054	 -0.041691	
334.007399	 -0.000074	  0.000177	
-56.642876	  0.041642	  0.000055	

矫正量：
 -0.029449	 -0.294696	 -4.321765	 -0.000005	 -0.000169	 -0.002456	
Epoch 16
状态转移矩阵：
  1.000000	 -0.000000	  0.000000	  0.000076	  0.000000	  0.000000	
  0.000000	  1.000000	  0.000000	 -0.000000	  0.000076	  0.000000	
  0.000000	  0.000000	  1.000000	  0.000000	  0.000000	  0.000076	
  0.000867	 -0.000004	  0.000000	  1.000000	  0.000287	  0.000000	
  0.000001	 -0.000028	  0.000000	 -0.000287	  1.000000	  0.000000	
  0.000000	  0.000000	 -0.000298	  0.000000	  0.000000	  1.000000	
后验状态协方差矩阵：
 22.876349	 -0.053424	 -0.013083	  0.012256	 -0.000054	 -0.000016	
 -0.053424	  0.229543	 -0.017416	 -0.000036	  0.000126	 -0.000021	
 -0.013083	 -0.017416	 22.864947	 -0.000015	 -0.000020	  0.012242	
  0.012256	 -0.000036	 -0.000015	  0.000009	 -0.000000	 -0.000000	
 -0.000054	  0.000126	 -0.000020	 -0.000000	  0.000000	 -0.000000	
 -0.000016	 -0.000021	  0.012242	 -0.000000	 -0.000000	  0.000009	
设计矩阵：
  0.001836	  0.999998	 -0.000046	  0.000000	  0.000000	  0.000000	
  0.000661	  0.360271	7794.340106	  0.000000	  0.000000	  0.000000	
-7794.326992	 14.307051	  0.000000	  0.000000	  0.000000	  0.000000	
卡尔曼增益矩阵：
 -0.011432	 -0.000000	 -0.000029	
  0.229446	 -0.000000	  0.000000	
 -0.018497	  0.000029	  0.000000	
-30.729559	 -0.000046	 -0.036807	
296.376374	 -0.000061	  0.000163	
-49.765368	  0.036765	  0.000047	

矫正量：
 -0.977987	  0.329462	  0.106676	 -0.000534	  0.000181	  0.000041	
Epoch 17
状态转移矩阵：
  1.000000	 -0.000000	  0.000000	  0.000076	  0.000000	  0.000000	
  0.000000	  1.000000	  0.000000	 -0.000000	  0.000076	  0.000000	
  0.000000	  0.000000	  1.000000	  0.000000	  0.000000	  0.000076	
  0.000867	 -0.000005	  0.000000	  1.000000	  0.000287	  0.000000	
  0.000001	 -0.000028	  0.000000	 -0.000287	  1.000000	  0.000000	
  0.000000	  0.000000	 -0.000298	  0.000000	  0.000000	  1.000000	
后验状态协方差矩阵：
 21.651482	 -0.052764	 -0.012126	  0.010899	 -0.000050	 -0.000014	
 -0.052764	  0.217592	 -0.015411	 -0.000032	  0.000113	 -0.000017	
 -0.012126	 -0.015411	 21.640866	 -0.000013	 -0.000017	  0.010887	
  0.010899	 -0.000032	 -0.000013	  0.000008	 -0.000000	 -0.000000	
 -0.000050	  0.000113	 -0.000017	 -0.000000	  0.000000	 -0.000000	
 -0.000014	 -0.000017	  0.010887	 -0.000000	 -0.000000	  0.000008	
设计矩阵：
  0.001930	  0.999998	 -0.000062	  0.000000	  0.000000	  0.000000	
  0.000940	  0.486849	7794.324099	  0.000000	  0.000000	  0.000000	
-7794.309607	 15.046473	  0.000000	  0.000000	  0.000000	  0.000000	
卡尔曼增益矩阵：
 -0.010967	 -0.000000	 -0.000028	
  0.217491	 -0.000000	  0.000000	
 -0.016786	  0.000028	  0.000000	
-26.770583	 -0.000040	 -0.032734	
265.246198	 -0.000051	  0.000150	
-42.003547	  0.032697	  0.000041	

矫正量：
  0.102426	  0.055052	  1.409433	  0.000050	  0.000028	  0.000707	
Epoch 18
状态转移矩阵：
  1.000000	 -0.000000	  0.000000	  0.000076	  0.000000	  0.000000	
  0.000000	  1.000000	  0.000000	 -0.000000	  0.000076	  0.000000	
  0.000000	  0.000000	  1.000000	  0.000000	  0.000000	  0.000076	
  0.000867	 -0.000005	  0.000000	  1.000000	  0.000287	  0.000000	
  0.000001	 -0.000028	  0.000000	 -0.000287	  1.000000	  0.000000	
  0.000000	  0.000000	 -0.000298	  0.000000	  0.000000	  1.000000	
后验状态协方差矩阵：
 20.550708	 -0.052199	 -0.011251	  0.009757	 -0.000046	 -0.000012	
 -0.052199	  0.206933	 -0.013777	 -0.000030	  0.000102	 -0.000014	
 -0.011251	 -0.013777	 20.540841	 -0.000012	 -0.000014	  0.009746	
  0.009757	 -0.000030	 -0.000012	  0.000006	 -0.000000	 -0.000000	
 -0.000046	  0.000102	 -0.000014	 -0.000000	  0.000000	 -0.000000	
 -0.000012	 -0.000014	  0.009746	 -0.000000	 -0.000000	  0.000006	
设计矩阵：
  0.002047	  0.999998	 -0.000050	  0.000000	  0.000000	  0.000000	
  0.000799	  0.390512	7794.349974	  0.000000	  0.000000	  0.000000	
-7794.333662	 15.955868	  0.000000	  0.000000	  0.000000	  0.000000	
卡尔曼增益矩阵：
 -0.010128	 -0.000000	 -0.000026	
  0.206826	 -0.000000	  0.000000	
 -0.014830	  0.000026	  0.000000	
-23.051231	 -0.000035	 -0.029302	
239.259221	 -0.000043	  0.000139	
-35.242574	  0.029270	  0.000035	

矫正量：
 -3.455949	  0.196218	  3.404453	 -0.001646	  0.000098	  0.001609	
Epoch 19
状态转移矩阵：
  1.000000	 -0.000000	  0.000000	  0.000076	  0.000000	  0.000000	
  0.000000	  1.000000	  0.000000	 -0.000000	  0.000076	  0.000000	
  0.000000	  0.000000	  1.000000	  0.000000	  0.000000	  0.000076	
  0.000867	 -0.000005	  0.000000	  1.000000	  0.000287	  0.000000	
  0.000001	 -0.000028	  0.000000	 -0.000287	  1.000000	  0.000000	
  0.000000	  0.000000	 -0.000298	  0.000000	  0.000000	  1.000000	
后验状态协方差矩阵：
 19.556180	 -0.051414	 -0.010463	  0.008785	 -0.000043	 -0.000010	
 -0.051414	  0.197386	 -0.012601	 -0.000027	  0.000092	 -0.000012	
 -0.010463	 -0.012601	 19.547066	 -0.000010	 -0.000012	  0.008776	
  0.008785	 -0.000027	 -0.000010	  0.000005	 -0.000000	 -0.000000	
 -0.000043	  0.000092	 -0.000012	 -0.000000	  0.000000	 -0.000000	
 -0.000010	 -0.000012	  0.008776	 -0.000000	 -0.000000	  0.000005	
设计矩阵：
  0.002087	  0.999998	  0.000008	  0.000000	  0.000000	  0.000000	
 -0.000129	 -0.061996	7794.352527	  0.000000	  0.000000	  0.000000	
-7794.335558	 16.264245	  0.000000	  0.000000	  0.000000	  0.000000	
卡尔曼增益矩阵：
 -0.010607	 -0.000000	 -0.000025	
  0.197278	 -0.000000	  0.000000	
 -0.012467	  0.000025	  0.000000	
-21.285776	 -0.000030	 -0.026383	
217.405730	 -0.000037	  0.000130	
-29.072573	  0.026355	  0.000031	

矫正量：
 -1.787493	  0.125914	 -1.369220	 -0.000805	  0.000061	 -0.000618	
Epoch 20
状态转移矩阵：
  1.000000	 -0.000000	  0.000000	  0.000076	  0.000000	  0.000000	
  0.000000	  1.000000	  0.000000	 -0.000000	  0.000076	  0.000000	
  0.000000	  0.000000	  1.000000	  0.000000	  0.000000	  0.000076	
  0.000867	 -0.000005	  0.000000	  1.000000	  0.000287	  0.000000	
  0.000001	 -0.000028	  0.000000	 -0.000287	  1.000000	  0.000000	
  0.000000	  0.000000	 -0.000298	  0.000000	  0.000000	  1.000000	
后验状态协方差矩阵：
 18.653312	 -0.050621	 -0.009762	  0.007951	 -0.000040	 -0.000009	
 -0.050621	  0.188806	 -0.011405	 -0.000025	  0.000084	 -0.000011	
 -0.009762	 -0.011405	 18.644870	 -0.000009	 -0.000010	  0.007943	
  0.007951	 -0.000025	 -0.000009	  0.000005	 -0.000000	 -0.000000	
 -0.000040	  0.000084	 -0.000010	 -0.000000	  0.000000	 -0.000000	
 -0.000009	 -0.000011	  0.007943	 -0.000000	 -0.000000	  0.000005	
设计矩阵：
  0.002157	  0.999998	 -0.000032	  0.000000	  0.000000	  0.000000	
  0.000533	  0.247028	7794.364037	  0.000000	  0.000000	  0.000000	
-7794.345918	 16.810154	  0.000000	  0.000000	  0.000000	  0.000000	
卡尔曼增益矩阵：
 -0.010391	 -0.000000	 -0.000024	
  0.188696	 -0.000000	  0.000000	
 -0.012017	  0.000024	  0.000000	
-19.133515	 -0.000027	 -0.023880	
198.901762	 -0.000031	  0.000121	
-25.675655	  0.023856	  0.000027	

矫正量：
  2.137882	  0.592970	  1.863482	  0.000899	  0.000263	  0.000775	
Epoch 21
状态转移矩阵：
  1.000000	 -0.000000	  0.000000	  0.000076	  0.000000	  0.000000	
  0.000000	  1.000000	  0.000000	 -0.000000	  0.000076	  0.000000	
  0.000000	  0.000000	  1.000000	  0.000000	  0.000000	  0.000076	
  0.000867	 -0.000006	  0.000000	  1.000000	  0.000287	  0.000000	
  0.000001	 -0.000028	  0.000000	 -0.000287	  1.000000	  0.000000	
  0.000000	  0.000000	 -0.000298	  0.000000	  0.000000	  1.000000	
后验状态协方差矩阵：
 17.830149	 -0.050106	 -0.009106	  0.007231	 -0.000038	 -0.000008	
 -0.050106	  0.181074	 -0.010446	 -0.000024	  0.000078	 -0.000009	
 -0.009106	 -0.010446	 17.822308	 -0.000008	 -0.000009	  0.007224	
  0.007231	 -0.000024	 -0.000008	  0.000004	 -0.000000	 -0.000000	
 -0.000038	  0.000078	 -0.000009	 -0.000000	  0.000000	 -0.000000	
 -0.000008	 -0.000009	  0.007224	 -0.000000	 -0.000000	  0.000004	
设计矩阵：
  0.002308	  0.999997	 -0.000004	  0.000000	  0.000000	  0.000000	
  0.000070	  0.030354	7794.294159	  0.000000	  0.000000	  0.000000	
-7794.273391	 17.992852	  0.000000	  0.000000	  0.000000	  0.000000	
卡尔曼增益矩阵：
 -0.008945	 -0.000000	 -0.000023	
  0.180958	 -0.000000	  0.000000	
 -0.010536	  0.000023	  0.000000	
-16.118438	 -0.000024	 -0.021718	
183.140522	 -0.000027	  0.000114	
-21.801626	  0.021697	  0.000024	

矫正量：
  1.767820	  0.199050	 -1.275726	  0.000714	  0.000084	 -0.000523	
Epoch 22
状态转移矩阵：
  1.000000	 -0.000000	  0.000000	  0.000076	  0.000000	  0.000000	
  0.000000	  1.000000	  0.000000	 -0.000000	  0.000076	  0.000000	
  0.000000	  0.000000	  1.000000	  0.000000	  0.000000	  0.000076	
  0.000867	 -0.000006	  0.000000	  1.000000	  0.000287	  0.000000	
  0.000001	 -0.000028	  0.000000	 -0.000287	  1.000000	  0.000000	
  0.000000	  0.000000	 -0.000298	  0.000000	  0.000000	  1.000000	
后验状态协方差矩阵：
 17.076576	 -0.049769	 -0.008508	  0.006605	 -0.000036	 -0.000007	
 -0.049769	  0.174092	 -0.009475	 -0.000022	  0.000072	 -0.000008	
 -0.008508	 -0.009475	 17.069257	 -0.000007	 -0.000008	  0.006599	
  0.006605	 -0.000022	 -0.000007	  0.000003	 -0.000000	 -0.000000	
 -0.000036	  0.000072	 -0.000008	 -0.000000	  0.000000	 -0.000000	
 -0.000007	 -0.000008	  0.006599	 -0.000000	 -0.000000	  0.000003	
设计矩阵：
  0.002455	  0.999997	 -0.000041	  0.000000	  0.000000	  0.000000	
  0.000780	  0.317740	7794.283486	  0.000000	  0.000000	  0.000000	
-7794.260003	 19.138126	  0.000000	  0.000000	  0.000000	  0.000000	
卡尔曼增益矩阵：
 -0.007839	 -0.000000	 -0.000022	
  0.173969	 -0.000000	  0.000000	
 -0.010192	  0.000022	  0.000000	
-13.769984	 -0.000021	 -0.019837	
169.661982	 -0.000023	  0.000108	
-19.460657	  0.019819	  0.000021	

矫正量：
 -3.050879	  0.156358	  2.618553	 -0.001183	  0.000067	  0.001009	
Epoch 23
状态转移矩阵：
  1.000000	 -0.000000	  0.000000	  0.000076	  0.000000	  0.000000	
  0.000000	  1.000000	  0.000000	 -0.000000	  0.000076	  0.000000	
  0.000000	  0.000000	  1.000000	  0.000000	  0.000000	  0.000076	
  0.000867	 -0.000006	  0.000000	  1.000000	  0.000287	  0.000000	
  0.000001	 -0.000028	  0.000000	 -0.000287	  1.000000	  0.000000	
  0.000000	  0.000000	 -0.000298	  0.000000	  0.000000	  1.000000	
后验状态协方差矩阵：
 16.384135	 -0.049287	 -0.007967	  0.006057	 -0.000034	 -0.000006	
 -0.049287	  0.167772	 -0.008740	 -0.000021	  0.000067	 -0.000007	
 -0.007967	 -0.008740	 16.377327	 -0.000006	 -0.000007	  0.006052	
  0.006057	 -0.000021	 -0.000006	  0.000003	 -0.000000	 -0.000000	
 -0.000034	  0.000067	 -0.000007	 -0.000000	  0.000000	 -0.000000	
 -0.000006	 -0.000007	  0.006052	 -0.000000	 -0.000000	  0.000003	
设计矩阵：
  0.002502	  0.999997	  0.000004	  0.000000	  0.000000	  0.000000	
 -0.000076	 -0.030269	7794.279717	  0.000000	  0.000000	  0.000000	
-7794.255327	 19.499036	  0.000000	  0.000000	  0.000000	  0.000000	
卡尔曼增益矩阵：
 -0.008298	 -0.000000	 -0.000021	
  0.167649	 -0.000000	  0.000000	
 -0.008697	  0.000021	  0.000000	
-13.054294	 -0.000019	 -0.018192	
158.096191	 -0.000020	  0.000102	
-16.436949	  0.018175	  0.000019	

矫正量：
  0.339863	  0.232168	  1.094754	  0.000122	  0.000092	  0.000399	
Epoch 24
状态转移矩阵：
  1.000000	 -0.000000	  0.000000	  0.000076	  0.000000	  0.000000	
  0.000000	  1.000000	  0.000000	 -0.000000	  0.000076	  0.000000	
  0.000000	  0.000000	  1.000000	  0.000000	  0.000000	  0.000076	
  0.000867	 -0.000006	  0.000000	  1.000000	  0.000287	  0.000000	
  0.000001	 -0.000028	  0.000000	 -0.000287	  1.000000	  0.000000	
  0.000000	  0.000000	 -0.000298	  0.000000	  0.000000	  1.000000	
后验状态协方差矩阵：
 15.745747	 -0.048885	 -0.007471	  0.005575	 -0.000032	 -0.000006	
 -0.048885	  0.162047	 -0.008108	 -0.000019	  0.000063	 -0.000006	
 -0.007471	 -0.008108	 15.739403	 -0.000006	 -0.000006	  0.005570	
  0.005575	 -0.000019	 -0.000006	  0.000003	 -0.000000	 -0.000000	
 -0.000032	  0.000063	 -0.000006	 -0.000000	  0.000000	 -0.000000	
 -0.000006	 -0.000006	  0.005570	 -0.000000	 -0.000000	  0.000003	
设计矩阵：
  0.002616	  0.999997	  0.000019	  0.000000	  0.000000	  0.000000	
 -0.000397	 -0.151931	7794.260392	  0.000000	  0.000000	  0.000000	
-7794.233720	 20.391862	  0.000000	  0.000000	  0.000000	  0.000000	
卡尔曼增益矩阵：
 -0.007690	 -0.000000	 -0.000020	
  0.161919	 -0.000000	  0.000000	
 -0.007821	  0.000020	  0.000000	
-11.559857	 -0.000017	 -0.016743	
148.132727	 -0.000018	  0.000097	
-14.276212	  0.016728	  0.000017	

矫正量：
 -0.634291	  0.229532	  0.603764	 -0.000228	  0.000089	  0.000209	
Epoch 25
状态转移矩阵：
  1.000000	 -0.000000	  0.000000	  0.000076	  0.000000	  0.000000	
  0.000000	  1.000000	  0.000000	 -0.000000	  0.000076	  0.000000	
  0.000000	  0.000000	  1.000000	  0.000000	  0.000000	  0.000076	
  0.000867	 -0.000007	  0.000000	  1.000000	  0.000287	  0.000000	
  0.000001	 -0.000028	  0.000000	 -0.000287	  1.000000	  0.000000	
  0.000000	  0.000000	 -0.000298	  0.000000	  0.000000	  1.000000	
后验状态协方差矩阵：
 15.155350	 -0.048499	 -0.007017	  0.005148	 -0.000030	 -0.000005	
 -0.048499	  0.156856	 -0.007539	 -0.000018	  0.000059	 -0.000005	
 -0.007017	 -0.007539	 15.149431	 -0.000005	 -0.000005	  0.005144	
  0.005148	 -0.000018	 -0.000005	  0.000002	 -0.000000	 -0.000000	
 -0.000030	  0.000059	 -0.000005	 -0.000000	  0.000000	 -0.000000	
 -0.000005	 -0.000005	  0.005144	 -0.000000	 -0.000000	  0.000002	
设计矩阵：
  0.002711	  0.999996	  0.000026	  0.000000	  0.000000	  0.000000	
 -0.000550	 -0.202921	7794.239555	  0.000000	  0.000000	  0.000000	
-7794.210929	 21.126413	  0.000000	  0.000000	  0.000000	  0.000000	
卡尔曼增益矩阵：
 -0.007420	 -0.000000	 -0.000019	
  0.156724	 -0.000000	  0.000000	
 -0.007163	  0.000019	  0.000000	
-10.498799	 -0.000015	 -0.015462	
139.535255	 -0.000016	  0.000092	
-12.537742	  0.015449	  0.000015	

矫正量：
 -1.261996	  0.231415	 -0.220227	 -0.000431	  0.000088	 -0.000079	
Epoch 26
状态转移矩阵：
  1.000000	 -0.000000	  0.000000	  0.000076	  0.000000	  0.000000	
  0.000000	  1.000000	  0.000000	 -0.000000	  0.000076	  0.000000	
  0.000000	  0.000000	  1.000000	  0.000000	  0.000000	  0.000076	
  0.000867	 -0.000007	  0.000000	  1.000000	  0.000287	  0.000000	
  0.000001	 -0.000028	  0.000000	 -0.000287	  1.000000	  0.000000	
  0.000000	  0.000000	 -0.000298	  0.000000	  0.000000	  1.000000	
后验状态协方差矩阵：
 14.607758	 -0.048098	 -0.006606	  0.004769	 -0.000029	 -0.000005	
 -0.048098	  0.152146	 -0.006986	 -0.000017	  0.000056	 -0.000005	
 -0.006606	 -0.006986	 14.602229	 -0.000005	 -0.000005	  0.004765	
  0.004769	 -0.000017	 -0.000005	  0.000002	 -0.000000	 -0.000000	
 -0.000029	  0.000056	 -0.000005	 -0.000000	  0.000000	 -0.000000	
 -0.000005	 -0.000005	  0.004765	 -0.000000	 -0.000000	  0.000002	
设计矩阵：
  0.002791	  0.999996	  0.000016	  0.000000	  0.000000	  0.000000	
 -0.000344	 -0.123254	7794.216444	  0.000000	  0.000000	  0.000000	
-7794.186096	 21.750980	  0.000000	  0.000000	  0.000000	  0.000000	
卡尔曼增益矩阵：
 -0.007333	 -0.000000	 -0.000019	
  0.152012	 -0.000000	  0.000000	
 -0.006773	  0.000019	  0.000000	
 -9.695001	 -0.000014	 -0.014323	
132.104301	 -0.000014	  0.000088	
-11.201066	  0.014311	  0.000014	

矫正量：
  2.094282	 -0.096655	  0.467845	  0.000685	 -0.000037	  0.000154	
Epoch 27
状态转移矩阵：
  1.000000	 -0.000000	  0.000000	  0.000076	  0.000000	  0.000000	
  0.000000	  1.000000	  0.000000	 -0.000000	  0.000076	  0.000000	
  0.000000	  0.000000	  1.000000	  0.000000	  0.000000	  0.000076	
  0.000867	 -0.000007	  0.000000	  1.000000	  0.000287	  0.000000	
  0.000001	 -0.000028	  0.000000	 -0.000287	  1.000000	  0.000000	
  0.000000	  0.000000	 -0.000298	  0.000000	  0.000000	  1.000000	
后验状态协方差矩阵：
 14.098498	 -0.047836	 -0.006222	  0.004431	 -0.000028	 -0.000004	
 -0.047836	  0.147875	 -0.006484	 -0.000017	  0.000053	 -0.000004	
 -0.006222	 -0.006484	 14.093315	 -0.000004	 -0.000004	  0.004427	
  0.004431	 -0.000017	 -0.000004	  0.000002	 -0.000000	 -0.000000	
 -0.000028	  0.000053	 -0.000004	 -0.000000	  0.000000	 -0.000000	
 -0.000004	 -0.000004	  0.004427	 -0.000000	 -0.000000	  0.000002	
设计矩阵：
  0.002940	  0.999996	  0.000020	  0.000000	  0.000000	  0.000000	
 -0.000456	 -0.155172	7794.244147	  0.000000	  0.000000	  0.000000	
-7794.210455	 22.918243	  0.000000	  0.000000	  0.000000	  0.000000	
卡尔曼增益矩阵：
 -0.006381	 -0.000000	 -0.000018	
  0.147734	 -0.000000	  0.000000	
 -0.006221	  0.000018	  0.000000	
 -8.339070	 -0.000012	 -0.013306	
125.670572	 -0.000012	  0.000084	
 -9.895314	  0.013295	  0.000012	

矫正量：
  1.613663	 -0.103188	  2.461990	  0.000508	 -0.000039	  0.000775	
Epoch 28
状态转移矩阵：
  1.000000	 -0.000000	  0.000000	  0.000076	  0.000000	  0.000000	
  0.000000	  1.000000	  0.000000	 -0.000000	  0.000076	  0.000000	
  0.000000	  0.000000	  1.000000	  0.000000	  0.000000	  0.000076	
  0.000867	 -0.000008	  0.000000	  1.000000	  0.000287	  0.000000	
  0.000001	 -0.000028	  0.000000	 -0.000287	  1.000000	  0.000000	
  0.000000	  0.000000	 -0.000298	  0.000000	  0.000000	  1.000000	
后验状态协方差矩阵：
 13.623705	 -0.047662	 -0.005864	  0.004127	 -0.000027	 -0.000004	
 -0.047662	  0.144003	 -0.006108	 -0.000016	  0.000051	 -0.000004	
 -0.005864	 -0.006108	 13.618842	 -0.000004	 -0.000004	  0.004124	
  0.004127	 -0.000016	 -0.000004	  0.000002	 -0.000000	 -0.000000	
 -0.000027	  0.000051	 -0.000004	 -0.000000	  0.000000	 -0.000000	
 -0.000004	 -0.000004	  0.004124	 -0.000000	 -0.000000	  0.000002	
设计矩阵：
  0.003082	  0.999995	  0.000067	  0.000000	  0.000000	  0.000000	
 -0.001602	 -0.519695	7794.274197	  0.000000	  0.000000	  0.000000	
-7794.237205	 24.024853	  0.000000	  0.000000	  0.000000	  0.000000	
卡尔曼增益矩阵：
 -0.005669	 -0.000000	 -0.000017	
  0.143855	 -0.000000	  0.000000	
 -0.005218	  0.000017	  0.000000	
 -7.275234	 -0.000011	 -0.012395	
120.102312	 -0.000011	  0.000080	
 -8.404113	  0.012385	  0.000011	

矫正量：
 -0.425258	  0.032956	 -2.648574	 -0.000129	  0.000012	 -0.000802	
Epoch 29
状态转移矩阵：
  1.000000	 -0.000000	  0.000000	  0.000076	  0.000000	  0.000000	
  0.000000	  1.000000	  0.000000	 -0.000000	  0.000076	  0.000000	
  0.000000	  0.000000	  1.000000	  0.000000	  0.000000	  0.000076	
  0.000867	 -0.000008	  0.000000	  1.000000	  0.000287	  0.000000	
  0.000001	 -0.000028	  0.000000	 -0.000287	  1.000000	  0.000000	
  0.000000	  0.000000	 -0.000298	  0.000000	  0.000000	  1.000000	
后验状态协方差矩阵：
 13.180026	 -0.047479	 -0.005540	  0.003854	 -0.000026	 -0.000003	
 -0.047479	  0.140494	 -0.005639	 -0.000015	  0.000049	 -0.000003	
 -0.005540	 -0.005639	 13.175450	 -0.000003	 -0.000003	  0.003851	
  0.003854	 -0.000015	 -0.000003	  0.000002	 -0.000000	 -0.000000	
 -0.000026	  0.000049	 -0.000003	 -0.000000	  0.000000	 -0.000000	
 -0.000003	 -0.000003	  0.003851	 -0.000000	 -0.000000	  0.000002	
设计矩阵：
  0.003183	  0.999995	  0.000008	  0.000000	  0.000000	  0.000000	
 -0.000207	 -0.065023	7794.283880	  0.000000	  0.000000	  0.000000	
-7794.244394	 24.809877	  0.000000	  0.000000	  0.000000	  0.000000	
卡尔曼增益矩阵：
 -0.005525	 -0.000000	 -0.000017	
  0.140342	 -0.000000	  0.000000	
 -0.005547	  0.000017	  0.000000	
 -6.694830	 -0.000010	 -0.011574	
115.286966	 -0.000010	  0.000077	
 -7.968939	  0.011566	  0.000010	

矫正量：
 -2.359446	  0.265155	  1.766902	 -0.000692	  0.000094	  0.000514	
Epoch 30
状态转移矩阵：
  1.000000	 -0.000000	  0.000000	  0.000076	  0.000000	  0.000000	
  0.000000	  1.000000	  0.000000	 -0.000000	  0.000076	  0.000000	
  0.000000	  0.000000	  1.000000	  0.000000	  0.000000	  0.000076	
  0.000867	 -0.000008	  0.000000	  1.000000	  0.000287	  0.000000	
  0.000001	 -0.000028	  0.000000	 -0.000287	  1.000000	  0.000000	
  0.000000	  0.000000	 -0.000298	  0.000000	  0.000000	  1.000000	
后验状态协方差矩阵：
 12.764538	 -0.047219	 -0.005242	  0.003607	 -0.000024	 -0.000003	
 -0.047219	  0.137318	 -0.005263	 -0.000014	  0.000047	 -0.000003	
 -0.005242	 -0.005263	 12.760238	 -0.000003	 -0.000003	  0.003605	
  0.003607	 -0.000014	 -0.000003	  0.000001	 -0.000000	 -0.000000	
 -0.000024	  0.000047	 -0.000003	 -0.000000	  0.000000	 -0.000000	
 -0.000003	 -0.000003	  0.003605	 -0.000000	 -0.000000	  0.000001	
设计矩阵：
  0.003243	  0.999995	  0.000040	  0.000000	  0.000000	  0.000000	
 -0.001015	 -0.313084	7794.255914	  0.000000	  0.000000	  0.000000	
-7794.214950	 25.273705	  0.000000	  0.000000	  0.000000	  0.000000	
卡尔曼增益矩阵：
 -0.005829	 -0.000000	 -0.000016	
  0.137164	 -0.000000	  0.000000	
 -0.004767	  0.000016	  0.000000	
 -6.466491	 -0.000009	 -0.010834	
111.125029	 -0.000009	  0.000074	
 -6.855630	  0.010826	  0.000009	

矫正量：
  0.355047	 -0.127457	 -0.853278	  0.000101	 -0.000044	 -0.000240	
Epoch 31
状态转移矩阵：
  1.000000	 -0.000000	  0.000000	  0.000076	  0.000000	  0.000000	
