% Initial conditions and orbital periods
% 轨道初值均能从该网站获取（需要挂VPN） https://ssd.jpl.nasa.gov/tools/periodic_orbits.html
%1:EML2south, 
%2:EML2south,
%3:EML2north, 
%4:EML2north 
%5:EML1south 
%6:EML1south,
%7:EML1north 
%8:EML1north
%9:Lunar Elliptic
%10:Lunar Polar-Circular
%11:NRHO EML2south,
%12:NRHO EML1south 
%13:NRHO EML2north, 
%14:NRHO EML1north 
%15:EML2 Lyapunov 
%16:EML1 Lyapunov
%17:DRO 2:1->1.3670569939965526E+1天
%18:DRO 3:1->9.1105936571618997E+0天
%19:DRO 4:1->6.8342565493518084E+0天
%20:DRO 5:1->5.4773934847797472E+0天
%21:LEO
% 会合坐标系的单位
% LU=389703e3;   %m, lenght unit
% % TU=3.829808977771119e+05; %s, time unit
% TU=27.284429211881122*24*60*60;
% SU=LU/TU; %m/s, velocity convertion
const

IC= [1.158270618905551 0 -0.128995838046545 0 -0.210737450802563 0;
        1.147342501,-0.0002324517381, -0.151368318, -0.000202046355, -0.2199137166, 0.0002817105509;
        1.158270618905551 0 0.128995838046545 0 -0.210737450802563 0;
        1.147342612325716,0,0.151423081776634,0,-0.219954169502041,0;
        0.830671760182013,0,-0.118400000000000,0,0.233429643755068,0;
        0.835466798864386,0,-0.142400000000000,0,0.252742253545471,0;
        0.830671760182013,0,0.118400000000000,0,0.233429643755068,0;
        0.835466798864386,0,0.142400000000000,0,0.252742253545471,0;
        0.985121349979458 0.001476496155141 0.004925468520363 -0.873297306080392 -1.611900486933861 0;
        0.987844349596793 -0.001299584518251  0.014854319015465  -0.902696556573766 0 0;
        1.027410769048437, 0, -0.185600000000000, 0, -0.114716994633036, 0
        0.924521591441505,0,-0.2180,0,0.123341859235788,0;
        1.027410769048437, 0, 0.185600000000000, 0, -0.114716994633036, 0
        0.924521591441505,0,0.2180,0,0.123341859235788,0;
        1.220007038450076,0,0,0,-0.427552341627659,0;
        0.768838925440319,0,0,0,0.481300000000000,0;
        8.1181613503876238E-1	-7.0420625826862556E-24	1.2660152918057406E-25	-8.5266828546665390E-13	5.1236848181050343E-1	-1.1784965300215328E-25; % 2:1 DRO
        8.6160361313804701E-1	7.2997242606964921E-29	2.3879984065962455E-36	1.8145565539652911E-14	4.7340427152159253E-1	-3.3530976357205751E-36; % 3:1 DRO
        8.8663460605168742E-1	-6.3392101657186007E-28	-9.1769374600757458E-35	-6.9219831998329949E-15	4.7096316967296348E-1	-6.3267310013163305E-35; % 4:1 DRO
        9.0211950849124811E-1	6.1869663711054151E-27	6.7595103687356720E-35	-3.1052922547556529E-14	4.7860342374866860E-1	8.2723651697592250E-34;  % 5:1 DRO
        -2813867.645/LU-mu     5919527.601/LU    -2536937.434/LU    -2538.634877/SU     1739.062868/SU     6873.568485/SU; % LEO
        0.808936204314439,	0,	0,0, 	0.515632164677207,0%2:1 dro%%
        0.178488159457600 0.000000000000000 -0.064794253944758 0.000000000000000 2.783199416051232 0.000000000000000 %三维周期DRO%T0_day=6.276897008112217*TU_day;
        1.17540828060606	7.68501541723315e-30	0	-8.16105600312612e-13	-0.494261404355365	0.0300000000000000 %三维拟周期DRO
    ];

IC(:,1)=IC(:,1)-(1- mu);%转换到月心系

 
 %Lagrangian point locations
 L1 = [0.836890207233573; 0; 0]-[1- mu;0;0];
 L2 = [1.155701641870813; 0; 0]-[1- mu;0;0];
 L3 = [-1.005064756017800;0; 0]-[1- mu;0;0];
 L4 = [0.487844349596793; 0.866025403784439; 0]-[1- mu;0;0];
 L5 = [0.487844349596793;-0.866025403784439; 0]-[1- mu;0;0];
   

     